2
500
1778
2147
588
2227
2288
948
291
2818
2610
973
1599
551
265
2506
1227
1846
2229
48
1385
1262
641
2074
724
2190
1151
1062
2795
2273
2059
2580
2390
1131
2787
2679
2009
2170
262
2464
440
2205
2590
449
971
236
692
816
1287
655
2840
2025
1963
2516
2151
1926
1458
2447
1629
1458
2165
634
2062
1545
1466
1383
2312
1271
843
2838
1771
909
1449
237
2269
2923
642
955
2506
124
248
2094
2495
2145
2952
2748
2795
2389
2757
753
854
5
2720
2731
1517
2415
1311
2537
2626
1062
984
868
1950
2241
2670
834
1374
2411
2828
1646
1348
89
2550
495
1295
283
2091
1859
2000
2995
813
749
1927
1605
2732
746
2193
1872
2328
154
2533
1522
1397
1037
59
2326
1407
2077
1357
1649
2452
1113
1121
2492
1492
81
1301
706
1207
1985
2127
2912
2304
2162
1710
2006
961
1117
2305
938
2036
207
1
928
1690
1739
1919
1062
1607
1845
2881
2900
2288
2834
1463
306
1321
2799
211
1419
117
2714
1189
98
2444
706
2342
43
1254
155
531
1257
1862
1263
2570
1921
647
1664
2377
1541
1169
330
1686
1639
676
2458
2981
1841
2258
126
1378
1456
2394
2821
539
438
762
1400
1768
2778
2852
741
706
409
1539
1932
2949
656
379
212
808
2478
1379
771
565
2631
165
1000
293
2641
492
1715
1401
747
1213
427
1691
672
312
2268
845
1048
1265
62
1328
230
1657
878
706
543
8
443
1052
2606
57
1052
1593
1917
2861
1496
1871
2650
1372
1270
2684
1099
929
2233
2837
1972
2465
708
777
2619
2978
1672
2668
921
2827
448
2095
721
519
2136
2365
1968
1035
2451
979
2815
2694
1508
190
155
2350
2418
23
226
1983
1999
102
260
1951
571
1277
1495
2185
1945
2673
2969
462
239
1126
1680
1627
922
576
2221
1510
1412
1298
1614
137
1882
329
991
2112
679
331
1647
2041
1572
1734
1288
932
1841
5
616
1947
2371
1698
1815
1210
2037
221
47
2039
2067
1661
1379
434
65
1285
1115
1622
2033
1599
1597
2313
437
2074
1720
2440
2384
1174
785
938
901
718
369
2767
1400
1135
222
605
665
2805
632
2550
514
601
1878
2236
2012
719
1383
1763
2013
1871
2909
2094
873
448
1771
2247
1799
2595
609
1554
1474
1160
589
1040
1211
2418
25
571
1095
1642
1449
2121
1486
2234
53
1084
1612
2993
2582
657
1345
448
2651
2012
1764
1423
1139
1939
974
52
1629
2092
1349
129
1877
2939
1423
2208
2794
260
2362
2738
192
1967
519
176
2993
2214
41
1680
978
1041
159
1016
770
1987
1620
283
2407
2413
2296
1144
2636
652
1956
885
2329
1415
537
2074
2613
2579
510
2095
1163
854
1929
2053
2971
990
422
2780
2199
816
2982
1147
265
98
2621
2633
2777
2891
2680
