3
1999
4046610695678667649
6236494389924041491
308294253049984510
5148514025934741317
8844067072172620153
7896310868441538740
2092422930377959384
7048998921349323248
8681963964923757330
650401424176418934
8017639574480564902
1541471265249922550
4758670970465083485
4744748004198309991
2599616701524708094
1453955477287346302
1786117672508942516
6732748687575468170
5635817845271813607
3627927210084979008
1165551176047038212
1515614327897343204
6087319751351468341
2942718370241626339
6956510645434327895
3892463569153675394
5355369524755376085
1806007624318618936
1378373660410575906
1446993994153959555
7511440300924300013
1545449255611857834
7916200820251215160
4771599439141373158
2317179385827302930
1458927965239765407
3952133424582704654
3865612134210612227
8241401532339424627
3763178882390778664
2924817413612917561
6777501079147240115
7952002733508632716
1058145436274785544
5948090088683733401
7065905380387548205
6020688412789052334
4337003992099943381
976596633855112222
1478817917049441827
5540346076585366791
4097330072793342520
5932178127235992265
5922233151331154055
4053572178812054396
2206790153283598799
340118175945466782
3629916205265946650
7828685032288638912
3512565489588855772
2741829856963894497
5171387470515869200
8245379522701359911
3733045169777912028
829410990463506714
6642249406841440459
3226150183529515324
2736857369011475392
7227013990045927207
6583574049002895020
7802828094936059566
2870120046136307406
6386663526087098462
8281181435958777467
2441491584637780555
1682689923098625132
1148644717008813255
705098791653029089
8490025929960379877
5693498705519875225
5218128857268608787
1662799971288948712
556918650670939760
750845680815284855
1467878443554119796
2408673164151814462
4668171689731055774
5454819283803758185
6080358268218081594
4031693231821410334
8188693160043782114
7997749622670888482
6106215205570660940
8819204632410524628
1239143997742840966
1018365532655432704
2939734877470174876
8097199381719270582
3273886067872738732
756812666358187781
4911823599399591919
2603594691886643378
5768086024806161800
2550886319591000865
1390307631496381758
5612944400690685724
6836176436985785554
2278393979798433911
6518931705621446655
6056490326046469890
1590201647183629779
2160048766530859212
1663794468879432533
475369848251266438
3341511904025638560
3707487017323684688
6919714234586426518
544984679585133908
4252471696908818596
8745611810714721874
1377379162820092085
2986476264222914463
7670559915401711373
4522975041520417908
2270437999074563343
6059473818817921353
5048069769295875396
4860109724694433227
6794407538185465072
2920839423250982277
1175496151951876422
1392296626677349400
2236625080998113429
8241401532339424627
1106875818208492773
8033551535928306038
4794472883722501041
2220713119550372293
1349533230286545097
6891868302052879530
4793478386132017220
2590666223210353705
1458927965239765407
4110258541469632193
1938275803852967129
2112312882187635804
482331331384653185
3877546105296418079
7673543408173162836
3290792526910963689
3299743005225318078
5059009242791197427
3619971229361108440
510177263918200173
1223232036295099830
6872972847833686931
6674073329736922731
514155254280135457
2144136805083118076
371942098840949054
3089904013633231847
3621960224542076082
7185245091245606725
8075320434728626520
8313005358854259739
6134061138104207928
4491151118624935636
4158988923403339422
2365909767761010159
2489227468981003963
377909084383851980
1714513845994107404
1228204524247518935
2084466949654088816
6669100841784503626
563880133804326507
2048665036396671260
6612414479126925829
4958564986152331506
4833258289751370060
8375658707054740462
1866671977338132017
4497118104167838562
587748075975938211
849300942273183134
1346549737515093634
931844242283340277
1365445191734286233
3067030569052103964
3019294684708880556
7795866611802672819
6417492951392096913
6419481946573064555
7048998921349323248
2311212400284400004
426639466317559209
8664063008295048552
3303720995587253362
2973592920068997951
3614004243818205514
6881923326148041320
6510975724897576087
7939074264832343043
7715312306973483318
8200627131129587966
2314195893055851467
5786981479025354399
5114701107858291403
8295104402225550961
8040513019061692785
6272296303181459047
6835181939395301733
1007426059160110673
8710804395047788139
2307234409922464720
1502685859221053531
7047009926168355606
3363390851016282622
4365844422223974190
7317513270779954918
1305775336305256973
8291126411863615677
103427749410317384
1043227972417528229
4525958534291869371
8680969467333273509
6737721175527887275
7937085269651375401
7035075955082549754
4304185571613977288
7262815903303344763
718027260329318762
325200712088209467
8698870423961982287
1669761454422335459
7448786952723819290
4402640833071875567
8187698662453298293
862229410949472807
926871754330921172
2187894699064406200
6983362080377391062
238679421716117040
1990984176148609642
668302380805127712
8706826404685852855
8385603682959578672
7807800582888478671
1332626771248320140
7206129540645766966
4788505898179598115
5255919765706993985
7986810149175566451
2933767891927271950
2161043264121343033
4136115478822211539
531061713318360414
8121067323890882286
5658691289852941490
6214615442933397429
5088844170505712057
547968172356585371
7268782888846247689
7420941020190272302
4710935086121860077
5777036503120516189
1061128929046237007
2879070524450661795
6415503956211129271
8597431669732632545
5109728619905872298
2132202833997312224
7615862547925101218
4875027188551690542
3732349457085780213
5987869992303086241
2196845177378760589
8741633820352786590
2445469574999715839
4731819535522020318
6530865676707252507
1916396856862323067
3898430554696578320
6472190318868707068
634489462728677798
1357489211010415665
3863623139029644585
3522510465493693982
1659816478517497249
3758206394438359559
2046676041215703618
7730229770830740633
2309223405103432362
1855732503842809986
4797456376493952504
7900288858803474024
1816947097813940967
6549761130926445106
7072866863520934952
6928664712900780907
3512565489588855772
7963936704594438568
7289667338246407930
6149973099551949064
5404099906689083314
7710339819021064213
2127230346044893119
811510033834797936
5300672157278765930
3237089657024837355
7268782888846247689
701120801291093805
4648281737921379354
1011404049522045957
92488275914995353
3576213335379820316
7825701539517187449
3692569553466427373
2535968855733743550
8209577609443942355
5253930770526026343
5838695353730513091
7551220204543652853
4757676472874599664
3311676976311123930
2685143494306316700
8067364454004755952
1002453571207691568
7067894375568515847
2350992303903752844
5702449183834229614
4688061641540732194
1129749262789620656
2226680105093275219
6107209703161144761
4271367151128011195
4255455189680270059
8258307991377649584
8983296734840355093
1751310256842008781
4824307811437015671
6253400848962266448
6811313997223690029
8271236460053939257
2478287995485681932
2511106415971648025
8988269222792774198
1696612889365398626
7280716859932053541
6364784579096454400
7061927390025612921
6603464000812571440
4526643484577714064
4692039631902667478
1914407861681355425
3098854491947586236
1415170071258477283
6643243904431924280
6656172373108213953
3589141804056109989
4334020499328491918
2404695173789879178
3244051140158224102
3769145867933681590
1006431561569626852
5101772639182001730
1224226533885583651
1482795907411377111
2360937279808591054
6871978350243203110
2085461447244572637
2739840861782926855
5552280047671172643
6796396533366432714
4205730310156079009
2029769582177478661
6745677156251757843
7854541969641218258
1340582751972190708
5721344638053422213
6286219269448232541
5466753254889564037
5243985794621188133
3058080090737749575
811510033834797936
3101837984719037699
5252936272935542522
8505937891408121013
6581585053821927378
2119274365321022551
6540810652612090717
3247034632929675565
2558842300314871433
8772463245657785041
7582049629848651304
8890808458925359740
4957570488561847685
1981039200243771432
207849996411118589
7132536718949964212
2486243976209552500
2396739193066008610
4529936524653804655
5432940336813114123
6743688161070790201
8569585737199085557
8027584550385403112
3757211896847875738
7610890059972682113
2768681291906957664
5074921204238938563
7729235273240256812
6132072142923240286
6581585053821927378
3048135114832911365
259563871116277281
3421071711264344240
6504014241764189340
6229532906790654744
8920643386639874370
7781943645535899325
267519851840147849
3592125296827561452
6409536970668226345
1545449255611857834
8336873301025871443
851289937454150776
5933172624826476086
3571240847427401211
6875956340605138394
1062123426636720828
6502025246583221698
7604923074429779187
957701179635919623
4894917140361366962
4248493706546883312
6351856110420164727
3446928648616923586
4262416672813656806
5290727181373927720
6257378839324201732
7329447241865760770
7071872365930451131
3755222901666908096
8857990038439393647
6455283859830482111
2675198518401478490
6164890563409206379
8129023304614752854
8003716608213791408
4566732935501706032
6647221894793859564
5516478134413755087
8675996979380854404
6667111846603535984
8871913004706167141
1629981550802982619
7679510393716065762
7040048443034968859
7191212076788509651
5842673344092448375
292382291602243374
5851623822406802764
8132006797386204317
233706933763697935
3874562612524966616
1394285621858317042
110389232543704131
2395744695475524789
569847119347229433
3918320506506254740
5603993922376331335
7965925699775406210
1148644717008813255
661340897671740965
3500631518503049920
2053637524349090365
5032157807848134260
7478621880438333920
5575153492252300526
2248559052083919281
5974941523626796568
2554864309952936149
5249952780164091059
7038059447854001217
7218063511731572818
8851028555306006900
2435524599094877629
4637342264426057323
493270804879975216
7236958965950765417
6595508020088700872
8899758937239714129
6913747249043523592
3769145867933681590
4591595375263801557
4421536287291068166
5452830288622790543
5745212580225033917
6865016867109816363
6101242717618241835
5565208516347462316
5693498705519875225
6686007300822728583
8364719233559418431
3621960224542076082
4768615946369921695
935822232645275561
6054501330865502248
5689520715157939941
6380696540544195536
8162836222691202768
5148514025934741317
8705831907095369034
1107870315798976594
3354440372701928233
4592589872854285378
8675002481790370583
6096270229665822730
4341976480052362486
3894452564334643036
47735884343223408
7311546285237051992
4669166187321539595
6947560167119973506
8746606308305205695
6806341509271270924
8311016363673292097
5710405164558100182
2519591804585737499
5800904445292127893
231717938582730293
1311742321848159899
4288273610166236152
7086789829787708446
2237619578588597250
7005241027368035124
4155010933041404138
5148514025934741317
8048468999785563353
838361468777861103
2107340394235216699
5229068330763930818
458463389213041481
2904927461803241141
6142017118828078496
7347348198494469548
6835181939395301733
2081483456882637353
8854012048077458363
6270307308000491405
1523570308621213772
8467152485379251994
1306769833895740794
4183851363165434947
831399985644474356
6196714486304688651
8009683593756694334
7994766129899437019
6527882183935801044
8161841725100718947
5688526217567456120
8322950334759097949
8372675214283288999
4968509962057169716
1347544235105577455
8473119470922154920
2534974358143259729
5570181004299881421
8663068510704564731
1871644465290551122
3918320506506254740
2844263108783728060
26851434943063167
5797920952520676430
2950674350965496907
2516078903924067130
3982962849887703105
4045616198088183828
682225347071901206
2733873876240023929
3548367402846273328
8481075451646025488
1136710745923007403
4718891066845730645
5419017370546340629
5037130295800553365
853278932635118418
5769080522396645621
798581565158508263
7576082644305748378
1074057397722526680
6010743436884214124
2579726749715031674
5274815219926186584
3850694670353354912
8635222578171017743
2096400920739894668
3762184384800294843
6115165683885015329
8814232144458105523
8653123534799726521
1695618391774914805
3602070272732399662
5480676221156337531
5025196324714747513
3053107602785330470
4277334136670914121
7519396281648170581
8886830468563424456
7903272351574925487
4428497770424454913
8789369704696009998
4601540351168639767
5909304682654864382
8429361576940866796
8498976408274734266
7134525714130931854
5180337948830223589
8313005358854259739
7269777386436731510
6670095339374987447
1449977486925411018
4716902071664763003
8985285730021322735
2522045889466970056
2974990726732405361
2074521973749250606
7367238150304145968
3482730561874341142
6999274041825132198
6129088650151788823
597693051880776421
5093816658458131162
7331436237046728412
5830739373006642523
7039053945444485038
851289937454150776
1424120549572831672
6891868302052879530
3927270984820609129
257574875935309639
746867690453349571
3769145867933681590
6167874056180657842
6405558980306291061
2455414550904554049
6576612565869508273
3229133676300966787
2719950909973250435
4007825289649798630
6490091275497415846
8267258469692003973
7091762317740127551
8157863734738783663
4403635330662359388
7581055132258167483
8349801769702161116
2648347083458415323
3790030317333841831
6340916636924842696
7157399158712059737
421666978365140104
3637872185989817218
3828815723362710850
5451835791032306722
270503344611599312
8059408473280885384
7841613500964928585
946761706140597592
3162502337738550780
4433470258376874018
996486585664788642
1354505718238964202
4975725783407568825
5422995360908275913
1213287060390261620
4195785334251240799
7659620441906389342
8116094835938463181
1835842552033133566
3459857117293213259
1044222470008012050
4016775767964153019
3631905200446914292
3052113105194846649
4127165000507857150
544984679585133908
6663133856241600700
8750584298667140979
539017694042230982
8684947457695208793
8628261095037630996
2364915270170526338
523105732594489846
6562689599602734779
6406553477896774882
1403236100172671431
6929659210491264728
5867535783854543900
3022278177480332019
3413115730540473672
6105220707980177119
2611550672610513946
5763113536853742695
7750119722640417053
7286683845474956467
3283831043777576942
989525102531401895
3068025066642587785
4634358771654605860
3501626016093533741
7045020930987387964
3299743005225318078
1338593756791223066
8706826404685852855
2456409048495037870
8687930950466660256
5867535783854543900
5712394159739067824
1848771020709423239
5912288175426315845
3534444436579499834
4309158059566396393
540012191632714803
7940068762422826864
4781544415046211368
7591994605753489514
4770604941550889337
2172977235207148885
5571175501890365242
8989263720383258019
7899294361212990203
8316983349216195023
7852552974460250616
3189353772681613947
8111122347986044076
5786981479025354399
5451835791032306722
3181397791957743379
5875491764578414468
6388652521268066104
1999934654462964031
803554053110927368
2164026756892794496
6267323815229039942
8812243149277137881
3340517406435154739
3345489894387573844
5692504207929391404
2029769582177478661
7186239588836090546
4997350392181200525
4050588686040602933
7587022117801070409
8202616126310555608
8681963964923757330
880130367578181585
2348008811132301381
3786052326971906547
7358287671989791579
646423433814483650
6599486010450636156
6054501330865502248
8465163490198284352
3609031755865786409
2426574120780523240
2310217902693916183
5685542724796004657
6145000611599529959
2765697799135506201
8366708228740386073
8316983349216195023
3541405919712886581
3828815723362710850
3314660469082575393
7197179062331412577
3439967165483536839
3215210710034193293
1926341832767161277
110389232543704131
4851159246380078838
8124050816662333749
8130017802205236675
2696082967801638731
4465294181272356290
8549695785389409137
746867690453349571
4800439869265403967
6130083147742272644
3359412860654347338
8904731425192133234
5338463065717151128
307299755459500689
4840219772884756807
8268252967282487794
7326463749094309307
3281842048596609300
3503615011274501383
8600415162504084008
3697542041418846478
7408012551513982629
7246903941855603627
7433869488866561975
6511970222488059908
8132006797386204317
1626003560441047335
310283248230952152
2464365029218908438
7280716859932053541
6630315435755634607
6653188880336762490
7130547723768996570
7179278105702703799
5932178127235992265
2066565993025380038
5020223836762328408
8212561102215393818
5516478134413755087
5723333633234389855
5799909947701644072
2963602819641786580
307299755459500689
1032288498922206198
2409667661742298283
361002625345627023
2979514781089527716
4586622887311382452
8532789326351184180
169064590382249570
6148978601961465243
1961149248434095012
1129749262789620656
5825766885054223418
7614868050334617397
6784462562280626862
8679974969742789688
4699995612626538046
208844494001602410
6567662087555153884
7998744120261372303
7034081457492065933
1491746385725731500
2246570056902951639
8622294109494728070
4639331259607024965
6326993670658069202
8555662770932312063
6622359455031764039
5941128605550346654
8389581673321513956
1691640401412979521
1629981550802982619
5722339135643906034
3625938214904011366
7957969719051535642
8852023052896490721
6417492951392096913
160114112067895181
2440497087047296734
1652854995384110502
6629320938165150786
6404564482715807240
6020688412789052334
4427503272833971092
7993771632308953198
618577501280936662
6004776451341311198
1869655470109583480
264536359068696386
6028644393512922902
3938210458315931160
2244581061721983997
1200358591713971947
4101308063155277804
6566667589964670063
309288750640468331
553935157899488297
6770539596013853368
2607572682248578662
3965061893258994327
1322681795343481930
203872006049183305
4349932460776233054
5416033877774889166
5873502769397446826
1816947097813940967
5927205639283573160
2875092534088726511
6618381464669828755
623549989233355767
429622959089010672
4802428864446371609
932838739873824098
8886830468563424456
3251012623291610849
8757545781800527726
8123056319071849928
384870567517238727
8242396029929908448
6128094152561305002
8880863483020521530
7599950586477360082
4352915953547684517
5475703733203918426
5826761382644707239
3131672912433552329
7662603934677840805
4760659965646051127
7395084082837692956
4024731748688023587
3754228404076424275
2661275552134704996
2170988240026181243
7597961591296392440
76576314467254217
4674138675273958700
1129749262789620656
8269247464872971615
3139628893157422897
1164556678456554391
6882917823738525141
7800839099755091924
7562159678038974884
8069353449185723594
5286749191011992436
1307764331486224615
958695677226403444
4339987484871394844
709076782014964373
5409072394641502419
4367833417404941832
8665057505885532373
1695618391774914805
1860704991795229091
6611419981536442008
1661805473698464891
5170392972925385379
5748196072996485380
4053572178812054396
8618316119132792786
8255324498606198121
1721475329127494151
7849569481688799153
4608501834302026514
4569716428273157495
8856001043258426005
8334982448740331604
7099718298463998119
6376718550182260252
4895911637951850783
1864682982157164375
4399657340300424104
5485648709108756636
7674537905763646657
2746802344916313602
2768681291906957664
5006300870495554914
6746671653842241664
3874562612524966616
4638336762016541144
6790429547823529788
532056210908844235
5334485075355215844
5748196072996485380
1574289685735888643
5451835791032306722
4203741314975111367
6095275732075338909
8611354635999406039
2202812162921663515
7007230022549002766
3604059267913367304
4156999928222371780
6370751564639357326
5089838668096195878
8836111091448749585
180998561468055422
7006235524958518945
8292120909454099498
6396608501991936672
1135716248332523582
4415569301748165240
2646358088277447681
159119614477411360
6655177875517730132
1989989678558125821
6734737682756435812
3984951845068670747
5542335071766334433
69614831333867470
8372675214283288999
4052577681221570575
1601141120678951810
2419612637647136493
7013197008091905692
6890873804462395709
712060274786415836
345090663897885887
6976400597244004315
4359877436681071264
5394154930784245104
2361931777399074875
6782473567099659220
3682624577561589163
5461780766937144932
3147584873881293465
5646757318767135638
46741386752739587
7407018053923498808
8951472811944872821
3140623390747906718
4012797777602217735
5835711860959061628
2342041825589398455
4705962598169440972
8379636697416675746
7496522837067042698
3629916205265946650
8680969467333273509
2190878191835857663
2193861684607309126
2998410235308720315
8732683342038432201
3900419549877545962
2846252103964695702
637472955500129261
8074325937138142699
7798850104574124282
138235165077251119
5955051571817120148
7774982162402512578
5829744875416158702
7541275228638814643
1616058584536209125
5867535783854543900
7597961591296392440
6027649895922439081
6787446055052078325
5909304682654864382
6782473567099659220
285420808468856627
3688591563104492089
6771534093604337189
5306639142821668856
3829810220953194671
1887556426738292258
4986410918685878494
1488762892954280037
4085396101707536668
4363855427043006548
665318888033676249
3011338703985009988
2463370531628424617
2672215025630027027
3605053765503851125
3033217650975654050
2557847802724387612
1422131554391864030
2179938718340535632
949745198912049055
7685477379258968688
4075451125802698458
1004442566388659210
7635752499734777638
1875622455652486406
284426310878372806
7590005610572521872
1778161691785071948
3516543479950791056
6850099403252559048
4497118104167838562
5721344638053422213
5125640581353613434
1625009062850563514
7215080018960121355
8882852478201489172
4411591311386229956
7770009674450093473
7355304179218340116
1112842803751395699
8599420664913600187
3336539416073219455
2291322448474723584
6945571171939005864
7938079767241859222
7724262785287837707
5398132921146180388
3509581996817404309
3304715493177737183
3026256167842267303
2469337517171327543
1300802848352837868
4727841545160085034
2545913831638581760
502221283194329605
4466288678862840111
4497118104167838562
1469867438735087438
4912818096990075740
5422995360908275913
1825897576128295356
7682493886487517225
5496957002902536243
4424519780062519629
4522975041520417908
8282175933549261288
3950144429401737012
6443349888744676259
5047075271705391575
566863626575777970
3292781522091931331
1417159066439444925
499237790422878142
2800505214802439936
6599486010450636156
4773588434322340800
7374199633437532715
6910763756272072129
8771468748067301220
8525827843217797433
8328917320302000875
6122127167018402076
5428962346451178839
7373205135847048894
2781609760583247337
8077309429909594162
5691509710338907583
5146525030753773675
1941259296624418592
6352850608010648548
1468872941144603617
1605119111040887094
4659221211416701385
4156999928222371780
679241854300449743
7554203697315104316
2163032259302310675
1277929403771709985
7405029058742531166
8579530713103923767
290393296421275732
3882518593248837184
7768020679269125831
4503085089710741488
4724858052388633571
880130367578181585
4029704236640442692
7225024994864959565
452496403670138555
1537493274887987266
4863093217465884690
5830739373006642523
1396274617039284684
1067095914589139933
274481334973534596
5711399662148584003
3542400417303370402
4345954470414297770
8360741243197483147
4356893943909619801
2595638711162772810
5679575739253101731
1146655721827845613
7533319247914944075
2101373408692313773
3415104725721441314
1038255484465109124
6026655398331955260
7800839099755091924
8683952960104724972
3193331763043549231
7696416852754290719
904992807340277110
1679706430327173669
5527417607909077118
8089243400995400014
5164425987382482453
5761124541672775053
4096335575202858699
4529936524653804655
8679974969742789688
4391701359576553536
5330507084993280560
3894452564334643036
2117285370140054909
5330507084993280560
27845932533546988
8779424728791171788
8952467309535356642
8814232144458105523
3638866683580301039
991514097712369537
6628326440574666965
4595573365625736841
7572104653943813094
3506598504045952846
4708946090940892435
8284164928730228930
3249023628110643207
1402241602582187610
2339058332817946992
5321556606678926171
3898430554696578320
20884449400160241
8186704164862814472
7027119974358679186
5516478134413755087
3822848737819807924
2547902826819549402
7894321873260571098
365975113298046128
2512100913562131846
4747731496969761454
4458332698138969543
460452384394009123
4914807092171043382
8023606560023467828
725983241053189330
6910763756272072129
6264340322457588479
887091850711568332
6006765446522278840
1848771020709423239
4016775767964153019
8024601057613951649
3454884629340794154
6713853233356275571
514155254280135457
7185245091245606725
7897305366032022561
4041638207726248544
6854077393614494332
4808395849989274535
5635817845271813607
1328648780886384856
4156005430631887959
7971892685318309136
8314994354035227381
4907845609037656635
4293246098118655257
2418618140056652672
3645828166713687786
5329512587402796739
4187829353527370231
4755687477693632022
3391236783549829610
8921637884230358191
2392761202704073326
2498177947295358352
6000798460979375914
2242592066541016355
1085991368808332532
8442290045617156469
5309622635593120319
7459726426219141321
3125705926890649403
1392296626677349400
2174966230388116527
8838100086629717227
8776441236019720325
7586027620210586588
3578202330560787958
5394154930784245104
6962477630977230821
7775976659992996399
2287344458112788300
2565803783448258180
8566602244427634094
4399657340300424104
6156934582685335811
2921833920841466098
3227144681119999145
5642779328405200354
1430087535115734598
3755222901666908096
4282306624623333226
266525354249664028
6658161368289181595
2793543731669053189
4075451125802698458
2434530101504393808
6147984104370981422
2232647090636178145
8194660145586685040
7177289110521736157
7857525462412669721
7053971409301742353
8354774257654580221
7793877616621705177
6186769510399850441
8372675214283288999
2807466697935826683
3106810472671456804
5581120477795203452
3209243724491290367
4652259728283314638
3195320758224516873
1476828921868474185
3967050888439961969
992508595302853358
2711000431658896046
6878939833376589857
4866076710237336153
6139033626056627033
6075385780265662489
7735012379186522657
1384340645953478832
428628461498526851
3376319319692572295
7804817090117027208
7504478817790913266
6543794145383542180
7258837912941409479
6717831223718210855
3301732000406285720
8949483816763905179
5006300870495554914
3240073149796288818
4567727433092189853
6542799647793058359
1748326764070557318
6412520463439677808
868196396492375733
5805876933244546998
3400187261864183999
1017371035064948883
2834318132878889850
5563219521166494674
2257509530398273670
4515019060796547340
3213221714853225651
8321955837168614128
3503615011274501383
5590070956109557841
1375390167639124443
1073062900132042859
5435923829584565586
8073331439547658878
8254330001015714300
277464827744986059
1982033697834255253
6723798209261113781
4113242034241083656
5326529094631345276
4070478637850279353
3552345393208208612
942783715778662308
6057484823636953711
2101373408692313773
6871978350243203110
5647751816357619459
2207784650874082620
6961483133386747000
2784593253354698800
1518597820668794667
5491615694651659562
6636282421298537533
8923626879411325833
7686471876849452509
1333621268838803961
3274880565463222553
4863093217465884690
8279192440777809825
5763312641370054452
6145000611599529959
7963936704594438568
8967384773392613957
3355434870292412054
473380853070298796
8464168992607800531
4518997051158482624
6962477630977230821
766757642263025991
1552410738745244581
587748075975938211
1882583938785873153
590731568747389674
248624397620955250
5548302057309237359
5783997986253902936
2880065022041145616
2634424117191641829
7742163741916546485
4219653276422852503
1141683233875426508
217794972315956799
2874098036498242690
1598157627907500347
8080292922681045625
8104160864852657329
6487107782725964383
2343036323179882276
1143672229056394150
7652658958773002595
3175430806414840453
7818740056383800702
7632769006963326175
297354779554662479
4357888441500103622
7196184564740928756
7218063511731572818
999470078436240105
8320961339578130307
8037529526290241322
1693629396593947163
2771664784678409127
6199697979076140114
1444010501382508092
2630446126829706545
7533319247914944075
7705367331068645108
2091428432787475563
6230527404381138565
7011208012910938050
3493670035369663173
810515536244314115
232712436173214114
8462179997426832889
1263011939914452670
8439306552845705006
8337867798616355264
5229068330763930818
3484719557055308784
3176425304005324274
12928468676289673
8925615874592293475
5029174315076682797
7801833597345575745
3470796590788535290
2341047327998914634
1638932029117337008
8482069949236509309
2935756887108239592
6144006114009046138
3249023628110643207
5902343199521477635
3873568114934482795
2285355462931820658
3634888693218365755
5391171438012793641
6086325253760984520
4343965475233330128
2239608573769564892
6977395094834488136
7659620441906389342
2614534165381965409
1637937531526853187
4945636517476041833
150169136163056971
5340452060898118770
5978919513988731852
2379832734027783653
4746736999379277633
6502025246583221698
6725787204442081423
1494729878497182963
3644833669123203965
6265334820048072300
2023802596634575735
4518002553567998803
7003252032187067482
6038589369417761112
2170988240026181243
6249422858600331164
3486708552236276426
8883846975791972993
8830183622366395685
3658756635389977459
3354440372701928233
2398728188246976252
4337003992099943381
4413580306567197598
8704837409504885213
4543859490920578149
2087450442425540279
373931094021916696
1985017190605706716
532056210908844235
2630446126829706545
4136115478822211539
1187430123037682274
8262285981739584868
8038524023880725143
7948024743146697432
4799445371674920146
2879070524450661795
890075343483019795
4405624325843327030
7904266849165409308
3566374958546778362
8649145544437791237
727972236234156972
494265302470459037
8072336941957175057
6448322376697095364
6685012803232244762
6033616881465342007
3879535100477385721
5261886751249896911
8588481191418278156
4378772890900263863
4983427425914427031
5741234589863098633
7046015428577871785
8521849852855862149
1787112170099426337
2892993490717435289
2148114795445053360
1531526289345084340
2537957850914711192
2806472200345342862
1229199021838002756
5275809717516670405
7829679529879122733
5152492016296676601
4035671222183345618
1258039451962033565
4754692980103148201
6327988168248553023
328184204859660930
4611485327073477977
851289937454150776
3817876249867388819
4840219772884756807
8061397468461853026
6917725239405458876
1959160253253127370
5251941775345058701
2686137991896800521
3436983672712085376
4144071459546082107
8034546033518789859
2096400920739894668
1052178450731882618
7850563979279282974
4030698734230926513
4949219343232486857
4199763324613176083
7399062073199628240
6528876681526284865
8337867798616355264
5060003740381681248
465424872346428228
1006431561569626852
1648877005022175218
6368762569458389684
3223166690758063861
4332031504147524276
6769545098423369547
3428033194397730987
8554668273341828242
480342336203685543
5706427174196164898
3088909516042748026
2564809285857774359
2833323635288406029
8916665396277939086
837366971187377282
7344364705723018085
5650735309129070922
4558776954777835464
7410996044285434092
5349402539212473159
2385799719570686579
8538756311894087106
6787446055052078325
7092756815330611372
7344364705723018085
3642844673942236323
4601540351168639767
6603464000812571440
4984421923504910852
4706957095759924793
7286683845474956467
2610556175020030125
6289202762219684004
3754228404076424275
7294639826198827035
7089773322559159909
1968110731567481759
8262285981739584868
8687930950466660256
7555198194905588137
1486773897773312395
2631440624420190366
6680040315279825657
1166545673637522033
150169136163056971
5434929331994081765
1304780838714773152
7377183126208984178
5064976228334100353
6838165432166753196
1034277494103173840
8002722110623307587
318239228954822720
6659155865879665416
3216205207624677114
2222702114731339935
6163896065818722558
6805347011680787103
2727906890697121003
6833192944214334091
1750315759251524960
4886961159637496394
6506997734535640803
3160513342557583138
5372275983793601042
3511570991998371951
4571705423454125137
5526423110318593297
2693099475030187268
7607906567201230650
1907446378547968678
1044222470008012050
3628921707675462829
6281246781495813436
998475580845756284
3120733438938230298
6877945335786106036
6696946774318050614
8798320183010364387
4100313565564793983
5638801338043265070
4222636769194303966
4980443933142975568
3069019564233071606
236690426535149398
587748075975938211
7473649392485914815
2857191577460017733
8652129037209242700
524100230184973667
3271897072691771090
1718491836356042688
3514554484769823414
4370816910176393295
5227079335582963176
8582514205875375230
4865082212646852332
6556722614059831853
6181797022447431336
7482599870800269204
7918189815432182802
6528876681526284865
8266263972101520152
4816351830713145103
1306769833895740794
4929724556028300697
3432011184759666271
5965991045312442179
5165420484972966274
4664193699369120490
626533482004807230
2519062396695518593
6875956340605138394
8198638135948620324
1779156189375555769
3539416924531918939
2201817665331179694
1223232036295099830
3452895634159826512
7398067575609144419
5644768323586167996
5458797274165693469
8462179997426832889
5162436992201514811
2784593253354698800
3678646587199653879
2278393979798433911
3437978170302569197
4710935086121860077
3199298748586452157
2531990865371808266
398793533784012221
3403170754635635462
7777965655173964041
357024634983691739
492276307289491395
3950144429401737012
2296294936427142689
8355768755245064042
6359812091144035295
957701179635919623
1672744947193786922
1940264799033934771
4700990110217021867
4005836294468830988
6689985291184663867
7208118535826734608
3743288930581102244
1517603323078310846
2004907142415383136
6552744623697896569
7710339819021064213
6921703229767394160
3648811659485139249
8026590052794919291
4852153743970562659
6694957779137082972
6918719736995942697
8864951521572780394
319233726545306541
6449316874287579185
6650205387565311027
6372740559820324968
3860639646258193122
2958630331689367475
8912687405916003802
8231456556434586417
1827886571309262998
3923292994458673845
4796461878903468683
6877945335786106036
1952198770119740623
759796159129639244
8977329749297452167
1470861936325571259
4218658778832368682
4697012119855086583
3172948278031277645
3230128173891450608
6327988168248553023
7656636949134937879
2997415737718236494
8942522333630518432
1070079407360591396
353046644621756455
290393296421275732
973613141083660759
3155540854605164033
3466818600426600006
4805412357217823072
8103166367262173508
3530466446217564550
3651795152256590712
8896775444468262666
863223908539956628
238679421716117040
891069841073503616
3883513090839321005
352052147031272634
8052446990147498637
5968974538083893642
6896840790005298635
3479747069102889679
8853017550486974542
3584169316103690884
7665587427449292268
658357404900289502
7688460872030420151
7374199633437532715
7996755125080404661
6801369021318851819
5309622635593120319
4705962598169440972
6649210889974827206
5335479572945699665
5108734122315388477
1097925339894138384
481336833794169364
6400586492353871956
8088248903404916193
6502025246583221698
4579661404177995705
6905791268319653024
6987340070739326346
5777036503120516189
4131142990869792434
1134721750742039761
3707487017323684688
1753299252022976423
5582114975385687273
4275345141489946479
8610360138408922218
7573099151534296915
5695487700700842867
5693498705519875225
8107144357624108792
2704038948525509299
4016775767964153019
4604523843940091230
961679169997854907
7853547472050734437
6167874056180657842
1201353089304455768
1489757390544763858
760790656720123065
4253466194499302417
1950209774938772981
6132072142923240286
7135520211721415675
3339522908844670918
6829214953852398807
962673667588338728
4284295619804300868
4729830540341052676
206855498820634768
6530865676707252507
853278932635118418
1131738257970588298
8201621628720071787
5826761382644707239
4564743940320738390
3528477451036596908
8454224016702962321
7868464935907991752
2388783212342138042
3740305437809650781
983558116988498969
2852219089507598628
7226019492455443386
5704438179015197256
8138968280519591064
4478222649948645963
4636347766835573502
5964996547721958358
1848771020709423239
965657160359790191
8620305114313760428
2641385600325028576
5330507084993280560
8611354635999406039
7882387902174765246
4897900633132818425
1669761454422335459
7371216140666081252
7845591491326863869
8029573545566370754
2669231532858575564
4461316190910421006
1446993994153959555
5823777889873255776
7549231209362685211
8975340754116484525
6663133856241600700
8084270913042980909
2946696360603561623
2618512155743900693
1841809537576036492
7630780011782358533
8858984536029877468
4642314752378476428
8773457743248268862
3305709990768221004
5695487700700842867
2513095411152615667
4692039631902667478
98455261457898279
8644173056485372132
6900818780367233919
2565803783448258180
1938275803852967129
3482730561874341142
2160048766530859212
7838630008193477122
5259897756068929269
4480211645129613605
5569186506709397600
3471791088379019111
8771468748067301220
7854541969641218258
3220183197986612398
4605518341530575051
1564344709831050433
8048468999785563353
4801434366855887788
1529537294164116698
3292781522091931331
2646358088277447681
6322021182705650097
8050457994966530995
652390419357386576
4620435805387832366
2808461195526310504
3495659030550630815
4352915953547684517
1757277242384911707
1366439689324770054
8418422103445544765
4326064518604621350
70609328924351291
8169797705824589515
7509451305743332371
6707886247813372645
3827821225772227029
6691974286365631509
7558181687677039600
1902473890595549573
4189818348708337873
8977329749297452167
6878939833376589857
752834675996252497
2547902826819549402
110389232543704131
3896441559515610678
3881524095658353363
4855137236742014122
324206214497725646
2477293497895198111
6186769510399850441
6489096777906932025
8526477175063787127
632500467547710156
2173971732797632706
7791888621440737535
1245110983285743892
8980313242068903630
5508522153689884519
5487637704289724278
6269312810410007584
2202812162921663515
6595508020088700872
2506133928019228920
5937150615188411370
3548367402846273328
977591131445596043
3017305689527912914
3269908077510803448
380892577155303443
4000863806516411883
7604923074429779187
2011868625548769883
960684672407371086
7229002985226894849
5376253974155536326
8500965403455701908
6342905632105810338
2693099475030187268
2477293497895198111
5929194634464540802
7497517334657526519
7231986477998346312
7687466374439936330
1561361217059598970
3757211896847875738
8169797705824589515
4013792275192701556
2060599007482477112
6003781953750827377
1137705243513491224
3685608070333040626
1868660972519099659
6192736495942753367
6079363770627597773
667307883214643891
361997122936110844
8166814213053138052
8051452492557014816
4248493706546883312
5059009242791197427
5483659713927788994
1100908832665589847
5844662339273416017
8733677839628916022
3988929835430606031
1958165755662643549
1083007876036881069
4666182694550088132
1501691361630569710
7943052255194278327
8009683593756694334
4119209019783986582
7331436237046728412
640456448271580724
6358817593553551474
2403700676199395357
772724627805928917
2614534165381965409
8910698410735036160
3672679601656750953
2085461447244572637
7734207761192675917
8419416601036028586
6239477882695492954
4480211645129613605
1512630835125891741
951734194093016697
7603928576839295366
5810849421196966103
7650669963592034953
4116225527012535119
6805347011680787103
1611086096583790020
8420411098626512407
1062123426636720828
6560700604421767137
2587682730438902242
6475173811640158531
2697077465392122552
8837105589039233406
7660614939496873163
5280782205469089510
3600081277551432020
3072997554595006890
4328053513785588992
8648151046847307416
276470330154502238
