20 30
564
1 1 6
1 2 9
1 3 2
1 4 1
1 5 8
1 6 8
1 7 5
1 8 6
1 9 4
1 10 6
1 11 2
1 12 8
1 13 8
1 14 10
1 15 8
1 16 6
1 17 10
1 18 6
1 19 9
1 20 10
1 21 8
1 22 6
1 23 8
1 24 10
1 25 3
1 26 3
1 27 8
1 28 9
1 29 7
1 30 194
2 1 9
2 2 5
2 3 10
2 4 9
2 5 3
2 6 1
2 7 6
2 8 2
2 9 7
2 10 7
2 11 3
2 12 10
2 13 4
2 14 5
2 15 4
2 16 9
2 17 6
2 18 3
2 19 4
2 20 4
2 21 4
2 22 6
2 23 2
2 24 7
2 25 3
2 26 1
2 27 10
2 28 7
2 29 4
2 30 155
3 1 6
3 2 6
3 3 5
3 4 7
3 5 1
3 6 7
3 7 4
3 8 5
3 9 7
3 10 10
3 11 10
3 12 1
3 13 7
3 14 9
3 15 6
3 16 5
3 17 2
3 18 9
3 19 2
3 20 2
3 21 9
3 22 4
3 23 7
3 24 2
3 25 9
3 26 10
3 27 3
3 28 7
3 29 6
3 30 168
4 1 4
4 2 4
4 3 1
4 4 6
4 5 2
4 6 8
4 7 4
4 8 2
4 9 2
4 10 7
4 11 7
4 12 10
4 13 8
4 14 9
4 15 5
4 16 7
4 17 2
4 18 8
4 19 4
4 20 8
4 21 9
4 22 8
4 23 8
4 24 5
4 25 10
4 26 4
4 27 3
4 28 10
4 29 7
4 30 172
5 1 9
5 2 9
5 3 9
5 4 1
5 5 7
5 6 5
5 7 2
5 8 1
5 9 5
5 10 4
5 11 7
5 12 3
5 13 6
5 14 5
5 15 7
5 16 7
5 17 10
5 18 9
5 19 8
5 20 8
5 21 10
5 22 5
5 23 3
5 24 9
5 25 8
5 26 5
5 27 3
5 28 8
5 29 4
5 30 177
6 1 4
6 2 6
6 3 10
6 4 6
6 5 4
6 6 10
6 7 3
6 8 8
6 9 9
6 10 2
6 11 4
6 12 3
6 13 6
6 14 3
6 15 4
6 16 6
6 17 3
6 18 5
6 19 9
6 20 6
6 21 5
6 22 5
6 23 9
6 24 9
6 25 5
6 26 10
6 27 3
6 28 10
6 29 9
6 30 176
7 1 4
7 2 6
7 3 2
7 4 7
7 5 7
7 6 10
7 7 5
7 8 7
7 9 5
7 10 5
7 11 10
7 12 8
7 13 10
7 14 5
7 15 6
7 16 10
7 17 3
7 18 5
7 19 7
7 20 8
7 21 10
7 22 9
7 23 2
7 24 8
7 25 2
7 26 7
7 27 9
7 28 1
7 29 6
7 30 184
9 1 6
9 2 9
9 3 2
9 4 4
9 5 9
9 6 3
9 7 3
9 8 10
9 9 7
9 10 1
9 11 4
9 12 4
9 13 8
9 14 10
9 15 10
9 16 2
9 17 2
9 18 7
9 19 8
9 20 3
9 21 10
9 22 5
9 23 9
9 24 1
9 25 8
9 26 1
9 27 4
9 28 5
9 29 9
9 30 164
10 1 9
10 2 7
10 3 3
10 4 7
10 5 7
10 6 2
10 7 7
10 8 10
10 9 10
10 10 3
10 11 2
10 12 9
10 13 7
10 14 1
10 15 2
10 16 9
10 17 1
10 18 6
10 19 4
10 20 9
10 21 9
10 22 3
10 23 3
10 25 5
10 26 3
10 27 3
10 28 3
10 29 6
10 30 159
11 1 10
11 2 5
11 3 3
11 4 4
11 5 3
11 6 6
11 7 8
11 8 6
11 9 7
11 10 9
11 11 10
11 12 8
11 13 9
11 14 5
11 15 1
11 16 5
11 17 6
11 18 9
11 19 5
11 20 9
11 21 9
11 22 2
11 23 10
11 24 9
11 26 3
11 27 5
11 28 7
11 29 7
11 30 185
12 1 1
12 2 1
12 3 10
12 4 3
12 5 5
12 6 6
12 7 3
12 8 4
12 9 6
12 10 4
12 11 5
12 12 8
12 13 3
12 14 6
12 15 7
12 16 2
12 17 6
12 18 2
12 19 7
12 20 2
12 21 10
12 22 10
12 23 8
12 24 8
12 25 8
12 26 10
12 27 3
12 29 3
12 30 158
13 1 1
13 2 3
13 3 7
13 4 2
13 5 7
13 6 9
13 7 4
13 8 3
13 9 6
13 10 8
13 11 3
13 12 5
13 13 2
13 14 3
13 15 2
13 16 1
13 17 1
13 18 3
13 19 2
13 20 7
13 21 8
13 22 1
13 23 2
13 24 4
13 25 3
13 26 4
13 27 9
13 28 10
13 29 3
13 30 123
14 1 1
14 2 4
14 3 3
14 4 8
14 5 1
14 6 2
14 7 8
14 8 2
14 9 7
14 10 1
14 11 4
14 12 4
14 13 5
14 14 3
14 15 8
14 16 9
14 17 4
14 18 9
14 20 6
14 21 4
14 22 10
14 23 6
14 24 1
14 25 10
14 26 7
14 27 2
14 28 3
14 29 8
14 30 145
15 1 2
15 2 5
15 3 3
15 4 1
15 5 6
15 6 2
15 7 3
15 8 9
15 9 2
15 10 2
15 11 2
15 12 3
15 13 3
15 14 4
15 15 5
15 16 2
15 17 10
15 18 1
15 19 10
15 20 8
15 21 5
15 22 5
15 23 2
15 24 2
15 25 1
15 26 1
15 27 6
15 28 3
15 29 5
15 30 113
16 1 4
16 2 3
16 3 10
16 4 8
16 5 2
16 6 4
16 7 4
16 8 8
16 9 7
16 10 1
16 11 2
16 12 10
16 13 9
16 14 7
16 16 5
16 17 7
16 18 4
16 19 1
16 20 10
16 21 3
16 22 4
16 23 9
16 24 8
16 25 1
16 26 4
16 27 9
16 28 9
16 29 6
16 30 161
17 1 4
17 2 6
17 3 6
17 4 2
17 5 9
17 6 9
17 7 10
17 8 5
17 9 10
17 10 1
17 11 7
17 12 7
17 13 6
17 14 4
17 15 8
17 16 4
17 17 6
17 18 3
17 19 5
17 20 10
17 21 1
17 22 8
17 23 2
17 24 4
17 25 7
17 26 1
17 27 9
17 28 5
17 29 6
17 30 165
18 1 7
18 2 2
18 3 10
18 4 3
18 5 8
18 6 8
18 7 2
18 8 9
18 9 3
18 10 9
18 11 8
18 12 6
18 13 2
18 14 5
18 15 9
18 16 7
18 17 7
18 18 2
18 19 10
18 20 8
18 21 2
18 22 5
18 23 5
18 24 9
18 25 2
18 26 3
18 27 8
18 28 6
18 29 7
18 30 172
19 1 5
19 2 6
19 3 2
19 4 5
19 5 6
19 6 1
19 7 3
19 8 7
19 9 6
19 10 6
19 11 3
19 12 6
19 13 3
19 14 5
19 15 8
19 16 1
19 17 7
19 18 10
19 19 4
19 20 1
19 21 6
19 22 4
19 23 10
19 24 3
19 25 1
19 26 6
19 27 1
19 28 3
19 29 6
19 30 135
20 1 99
20 2 105
20 3 105
20 4 87
20 5 97
20 6 109
20 7 85
20 8 105
20 9 115
20 10 96
20 11 101
20 12 122
20 13 108
20 14 106
20 15 107
20 16 98
20 17 97
20 18 106
20 19 109
20 20 126
20 21 128
20 22 104
20 23 109
20 24 113
20 25 101
20 26 89
20 27 107
20 28 121
20 29 115
