20
14 40 23 50 45 65 87 24 49 74 73 36 15 81 19 63 13 40 59 90
43 22 25 75 91 56 54 46 96 80 97 36 92 22 8 43 84 1 97 64
72 16 54 34 29 57 84 76 4 78 16 36 96 90 55 72 20 76 24 5
78 42 83 57 89 45 37 44 40 64 71 85 72 14 70 45 15 8 9 41
18 17 30 57 59 98 32 56 22 75 51 90 64 88 93 44 39 69 50 49
21 91 32 80 57 92 69 97 47 99 66 5 20 76 43 50 62 80 67 60
10 8 61 9 25 56 62 57 91 27 40 11 28 63 28 76 98 92 0 26
42 93 3 96 91 47 50 73 22 15 95 54 64 55 79 74 70 81 1 44
8 18 52 39 47 9 32 34 28 76 14 75 52 48 45 25 26 92 95 39
48 30 79 38 25 13 31 10 47 94 99 31 66 15 83 1 56 0 46 44
49 28 64 95 72 16 93 88 33 43 75 19 35 93 8 47 99 1 46 45
45 20 20 29 57 60 79 22 21 55 97 33 22 51 4 45 32 45 25 60
37 1 40 43 70 21 98 46 56 55 54 17 89 79 5 31 86 66 40 87
98 37 39 58 75 68 91 91 5 79 96 2 73 40 88 0 27 75 91 35
31 37 87 72 46 88 73 14 71 14 16 37 29 55 53 10 0 24 81 9
0 56 37 57 93 2 72 34 70 61 56 46 22 24 77 64 21 57 16 38
45 58 11 71 50 62 47 12 51 83 34 81 68 10 55 50 62 99 94 47
52 30 89 45 92 17 61 54 56 95 8 43 56 21 77 45 81 58 53 22
48 29 10 96 95 71 34 90 59 17 9 2 14 80 12 28 66 34 73 10
36 2 93 55 66 97 21 76 35 88 33 27 75 68 71 53 11 64 36 67
